21509
23843
21149
21073
20459
21147
22081
21129
22305
21635
21079
22846
22337
22956
22297
23628
20535
23866
22299
21109
22869
21629
20146
22359
27419
29646
22880
22965
22119
20097
22941
22926
22946
21255
21397
22111
22529
21335
21339
22609
21031
21279
21337
21244
22769
22761
22459
20354
21438
21481
27383
21522
25451
22547
20359
22523
25337
22607
22525
21107
20149
21220
25436
20457
22047
22393
21423
22587
22763
22045
22159
22089
22041
22309
22177
22049
23858
22335
21256
22087
20255
20095
22605
20253
25488
23869
22043
21521
22145
20537
22765
20357
21502
22415
22767
21261
25348
20539
25421
25497
25358
22303
24558
22083
25336
22589
21514
21077
21465
21406
25335
22307
22391
21035
21258
20099
22549
21259
22085
25355
23879
22113
21493
22399
25492
21033
21698
21266
22419
22848
25469
22179
21272
21224
20148
22850
29640
24629
21445
22175
22339
21218
20259
20144
21029
22301
21680
19258
27389
20251
22147
22115
21217
25474
22559
22397
22885
22149
21037
22117
22417
22143
20249
25462
22955
22889
25373
25370
25489
21357
21365
21407
21382
21409
21394
21379
21682
21723
21720
21706
21683
21717
22952
21702
21641
21644
21376
21435
21436
21449
21271
21439
21274
24568
27404
23847
22964
23867
23896
21398
21401
20355
23560
25486
25376
21039
22457
21391
25479
21075
20257
23863
25368
25361
25371
22453
22395
23881
25365
22927
23845
22949
21640
25377
23860
22527
23919
25485
21360
21483
22455
22851
21684
22844
25495
21227
21529
21385
25482
21709
21647
22959
21441
25499
25494
21403
21380
22929
21395
22962
22969
29575
21739
29553
22958
21400
23898
22967
21527
25379
21388
21447
21228
21643
25491
21442
21354
21526
21524
21649
25599
21516
23816
24632
21614
22701
